0
36
44
59
84
94
96
102
103
124
145
159
161
167
174
177
182
186
191
193
211
215
217
220
233
253
272
295
308
310
347
354
354
361
362
371
379
380
386
391
397
401
404
406
412
412
482
502
511
522
528
532
547
562
572
581
582
586
613
620
629
633
638
642
656
658
705
706
710
711
729
756
758
766
777
791
794
801
807
815
818
819
842
853
866
872
872
891
896
897
906
935
944
947
949
966
971
982
988
1011
1016
1020
1025
1032
1033
1047
1057
1060
1063
1064
1069
1076
1079
1081
1108
1118
1120
1142
1149
1156
1178
1189
1192
1207
1234
1235
1240
1241
1247
1252
1258
1269
1279
1293
1295
1300
1334
1337
1356
1369
1373
1386
1401
1407
1410
1451
1474
1476
1476
1478
1496
1502
1549
1563
1567
1584
1584
1591
1603
1617
1632
1637
1654
1657
1667
1670
1673
1690
1693
1721
1724
1728
1730
1749
1754
1758
1779
1781
1785
1790
1792
1794
1799
1801
1802
1811
1816
1831
1844
1854
1876
1886
1891
1893
1896
1904
1916
1930
1931
1940
1961
1982
1982
1982
1987
1987
1996
2001
2013
2015
2040
2065
2070
2086
2104
2108
2131
2136
2142
2166
2172
2201
2214
2215
2219
2239
2240
2248
2255
2316
2321
2323
2329
2342
2342
2361
2371
2402
2412
2414
2426
2441
2447
2449
2459
2465
2470
2475
2482
2493
2496
2499
2501
2510
2553
2555
2563
2572
2574
2585
2589
2614
2614
2618
2621
2638
779
809
836
1983
2069
2432
2646
2652
2682
2688
2693
2700
2716
2717
2732
2744
2748
2758
2759
2771
2773
2774
2819
2820
2826
2829
2833
2841
2854
2878
2897
2901
2902
2922
2923
2945
2952
2953
2961
2981
2987
2995
2997
3004
3014
3017
3023
3030
3062
3067
3071
3093
3111
3130
3137
3146
3152
3164
3175
3196
3196
3197
3202
3205
3217
3218
3233
3267
3269
3270
3278
3279
3303
3307
3307
3317
3323
3327
3330
3334
3339
3341
3346
3372
3373
3395
3399
3409
3411
3419
3421
3421
3426
3442
3463
3468
3472
3489
3491
3503
3506
3539
3553
3558
3563
3566
3567
3568
3604
3612
3613
3619
3620
3622
3636
3645
3646
3677
3680
3687
3691
3703
3722
3739
3742
3745
3748
3755
3757
3776
3783
3787
3802
3812
3835
3864
3869
3875
3886
3925
3925
3940
3943
3978
3986
4005
4013
4021
4035
4044
4052
4062
4063
4077
4084
4084
4089
4092
4092
4104
4108
4110
4111
4131
4143
4151
4153
4159
4168
4182
4197
4198
4218
4222
4245
4267
4276
4287
4321
4355
4360
4360
4366
4368
4381
4383
4396
4402
4408
4410
4434
4435
4470
4476
4477
4479
4482
4499
4520
4523
4530
4534
4537
4545
4563
4564
4574
4582
4602
4603
4614
4632
4636
4638
4640
4643
4650
4665
4668
4678
4686
4695
4706
4717
4723
4727
4732
4739
4771
4774
4778
4782
4790
4805
4812
4821
4842
4858
4859
4905
4908
4920
4943
4945
4946
4955
4968
4979
5012
5012
5039
5061
5066
5067
5074
5097
5137
5142
5150
5152
5168
5172
5172
5176
5180
5194
5200
5216
5232
5238
5245
5248
5251
5264
5266
5275
5288
5303
5303
5305
5318
5324
5325
5343
5357
5357
5374
5428
5436
5440
5442
5458
5462
5463
5474
5487
5492
5495
5499
5522
5524
5539
5558
5558
5563
5583
5585
5607
5616
5643
5645
5677
5684
5691
5693
5693
5700
5705
5707
5724
5746
5750
5752
5755
5766
5775
5780
5788
5788
5796
5797
5817
5852
5861
5906
5915
5921
5928
5937
5965
5994
6007
6033
6049
6050
6056
6058
6065
6071
6086
6112
6126
6165
6187
6187
6189
6197
6200
6218
6230
6242
6245
6261
6262
6270
6279
6281
6292
6301
6303
6316
6324
6325
6327
6334
6337
6342
6342
6382
6392
6393
6396
6399
6411
6413
6419
6433
6433
6438
6440
6442
6443
6448
6453
6456
6462
6464
6500
6501
6520
6532
6537
6548
6552
6577
6594
6600
6601
6604
6630
6637
6642
6646
6666
6676
6680
6685
6713
6720
6724
6748
6764
6797
6804
6804
6811
6828
6840
6845
6847
6870
6885
6886
6887
6891
6891
6893
6899
6920
6935
6946
6963
6976
6984
6989
6989
7008
7013
7071
7075
7076
7087
7090
7093
7108
7112
7117
7141
7149
7160
7180
7193
7226
7239
7273
7275
7289
7309
7309
7320
7359
7366
7373
7376
7384
7388
7393
7396
7406
7424
7428
7429
7431
7438
7442
7518
7519
7520
7523
7538
7545
7555
7555
7558
7566
7571
7572
7582
7586
7593
7608
7617
7629
7654
7664
7667
7672
7675
7689
7717
7746
7747
7749
7759
7790
7804
7809
7816
7819
7821
7830
7852
7858
7860
7896
7908
7910
7926
7928
7934
7941
7941
7954
7975
7990
7992
7993
7995
7996
8001
8022
8024
8028
8059
8063
8069
8083
8094
8098
8108
8127
8154
8156
8163
8167
8169
8178
8179
8182
8186
8193
8196
8200
8213
8219
8241
8253
8277
8290
8291
8293
8299
8301
8309
8312
8315
8327
8335
8335
8347
8349
8358
8358
8363
8383
8387
8392
8400
8407
8415
8427
8431
8433
8441
8444
8458
8474
8484
8490
8494
8506
8507
8513
8522
8529
8534
8547
8548
8552
8563
8569
8572
8584
8589
8609
8612
8630
8633
8633
8654
8658
8671
8673
8674
8711
8741
8753
8768
8788
8801
8823
8825
8830
8832
8839
8842
8862
8875
8892
8898
8905
8907
8914
8941
8956
8967
8982
9010
9023
9024
9030
9040
9049
9052
9068
9125
9126
9139
9140
9154
9158
9168
9181
9185
9196
9198
9215
9215
9241
9265
9273
9282
9293
9296
9297
9314
9347
9372
9372
9401
9405
9421
9429
9433
9438
9439
9445
9464
9482
9509
9513
9514
9518
9576
9584
9596
9609
9619
9634
9640
9646
9680
9684
9687
9687
9687
9697
9701
9715
9731
9740
9757
9758
9772
9782
9785
9786
9788
9796
9823
9823
9862
9872
9887
9922
9936
9938
9947
9949
9959
9969
9971
9976
9979
